661
1195 235
1037 1286
1157 242
437 246
399 739
846 1307
477 1040
809 668
737 725
952 1172
487 1030
1253 940
791 418
1212 1079
325 986
1272 723
788 513
671 792
47 690
651 274
444 731
1271 786
189 937
79 248
1219 635
419 696
449 519
1226 1122
1102 1071
565 712
1142 805
665 258
1086 1265
699 607
486 318
847 531
851 547
1043 1262
559 13
1281 907
183 594
868 1064
504 944
362 84
300 898
656 680
1178 501
629 372
911 527
906 401
935 33
147 891
1217 630
19 165
919 1230
122 373
1233 564
588 1015
848 926
379 1044
1290 1077
1128 1296
46 880
1238 1160
298 652
838 993
592 123
445 409
251 744
535 215
852 287
83 247
1133 1324
536 1228
57 435
796 525
341 1066
1018 252
1263 393
797 815
512 615
897 595
45 748
54 6
678 611
98 447
875 301
217 463
1259 984
1002 1158
1069 436
476 1320
977 1208
979 278
100 173
1222 417
714 904
146 256
538 118
421 916
434 602
901 912
288 27
187 1285
685 1301
1177 722
1303 295
492 155
407 767
1000 775
1052 353
332 8
16 844
478 529
219 139
483 482
1105 621
941 115
213 583
871 1059
628 1082
180 114
817 1242
327 105
303 254
1151 475
398 932
689 370
385 828
466 540
166 556
335 1078
917 1
299 720
555 612
1223 990
895 312
344 976
726 1091
178 1211
331 1126
474 66
268 481
310 729
404 460
591 1062
821 31
266 204
10 462
1013 799
323 1014
1063 965
1183 41
633 232
642 920
672 1181
769 319
1116 840
758 836
22 669
95 69
494 1164
542 1251
368 496
948 424
347 453
340 768
94 1255
830 1274
794 263
1289 311
524 455
72 1131
644 499
1101 25
882 159
790 562
579 509
89 290
1288 973
876 813
1152 959
116 2
472 206
585 207
864 61
577 682
783 1109
1241 892
606 939
1149 802
970 1036
177 523
660 659
1130 701
839 576
946 279
1107 900
1213 653
365 676
1028 28
982 1085
550 500
641 30
516 343
1314 507
950 297
1250 563
1246 983
511 1114
1017 352
776 488
810 23
81 755
55 863
1032 1261
781 480
862 277
902 377
1024 151
214 1273
38 145
493 334
172 452
674 890
834 1293
1127 1182
887 366
643 913
1023 360
4 85
245 438
625 119
1319 691
1016 11
854 1224
128 883
1277 1166
1123 658
888 113
683 442
969 1220
1046 692
1057 281
1106 329
866 197
753 56
78 532
52 20
1075 269
1234 355
825 471
346 117
200 894
1134 176
1187 963
1056 1090
1200 590
1025 60
1140 586
1284 164
1173 291
1004 649
637 265
302 192
544 1194
1268 171
574 240
314 260
135 994
1098 413
601 872
112 337
757 1292
179 241
1312 1294
526 468
534 43
1276 618
264 237
688 169
558 375
724 1138
1275 578
664 811
598 369
581 76
626 411
747 430
395 162
614 1019
569 464
296 942
244 981
249 1206
315 997
461 708
761 893
808 71
1139 1174
403 704
843 289
62 710
735 77
101 7
686 1237
356 860
280 110
238 597
210 646
378 130
1029 405
34 108
465 822
1011 746
276 1104
770 572
765 971
816 305
1313 520
443 743
142 451
677 620
485 286
1175 654
67 359
354 102
632 655
889 1136
694 39
234 1012
1189 193
1216 156
211 924
1254 358
491 1186
457 1244
831 700
749 1153
603 433
1204 168
97 408
604 1161
1112 1191
338 850
106 1167
448 202
1050 575
458 400
1280 1311
934 75
1054 226
1022 1282
231 1100
858 402
1041 730
728 754
1073 104
1305 324
64 1010
1309 1207
910 837
740 1196
627 599
766 663
987 772
415 657
634 918
1094 806
662 861
697 885
1141 908
349 518
1035 1129
1124 1049
1087 947
1215 991
273 695
374 345
270 294
613 1067
886 915
1006 224
549 705
243 1089
1119 15
905 967
382 351
186 14
506 259
899 316
1060 1051
853 396
1304 570
869 774
1248 1236
1070 582
285 1283
1214 390
972 1235
842 1310
157 479
1080 949
573 584
9 508
1171 427
196 841
1146 974
1180 533
1323 333
1108 410
141 454
82 1115
414 363
763 99
631 996
432 793
878 693
1316 1247
702 227
673 1190
738 561
619 406
1150 925
376 109
74 220
35 1110
1225 24
36 593
53 647
88 440
293 1121
473 1231
1197 422
610 1232
271 954
1227 782
495 824
687 131
96 502
823 342
205 140
745 789
320 384
391 546
1113 148
185 428
125 645
133 58
216 707
1076 1318
856 756
616 711
503 985
567 272
571 751
225 951
530 995
798 818
1045 44
764 1055
1279 958
167 1218
1005 505
284 955
684 1257
1243 780
960 161
1027 420
153 829
1117 833
381 867
1221 1245
1278 132
580 515
91 968
927 1033
1266 1201
1163 857
456 261
999 322
539 371
778 158
426 425
175 431
922 1137
1021 521
262 87
321 160
1176 734
732 1299
1239 467
706 330
90 827
716 945
223 1210
964 1156
212 600
283 182
923 336
1306 812
397 1162
721 514
1188 1111
203 386
367 800
953 859
18 255
820 1031
698 733
930 826
1001 622
803 1267
143 339
909 759
317 1125
568 1061
667 154
282 855
779 275
429 416
703 201
394 762
1034 845
736 517
357 787
498 26
661 552
124 639
126 623
326 962
931 1249
943 236
152 1159
484 978
1169 1103
929 1120
873 218
1026 636
93 819
441 490
107 1088
543 835
522 1202
221 1048
874 1047
388 12
670 884
1132 59
188 1209
49 209
752 230
150 988
713 1038
989 134
1199 1308
807 412
103 1143
1020 3
387 1287
992 1009
364 191
608 1072
719 1184
439 587
233 127
328 380
307 1269
933 1203
1097 773
389 681
65 777
553 998
510 1083
253 5
348 709
545 1185
554 195
194 541
199 1165
1205 1065
1315 640
938 222
624 1300
497 551
1053 250
228 961
450 1007
1291 605
111 121
184 1317
1144 163
717 1095
1252 309
1229 229
879 1145
814 1297
17 1003
292 760
68 149
1168 1081
1068 1240
32 1260
617 174
795 1135
257 650
423 966
267 129
865 881
638 784
459 936
92 1321
957 51
1198 589
1148 29
42 1042
138 560
537 914
306 308
48 70
609 1170
489 896
566 136
675 715
1039 877
903 771
361 1155
804 170
870 1264
679 596
198 1096
557 528
741 921
548 392
208 801
1147 742
40 1270
1008 1258
750 1179
63 727
849 1295
1192 383
648 928
469 956
1154 144
832 190
73 313
1074 86
785 350
1099 1256
80 1092
1193 37
137 1302
446 1322
1058 718
666 50
975 239
120 1084
1118 1093
181 304
21 980
