4106 797
586 9466
362 26
171 7181
232 4182
686 4179
190 6994
95 1794
375 6333
627 4246
88 2062
103 7147
543 9291
371 5862
474 6643
291 2925
45 9973
5 9498
497 2407
35 6908
716 9296
217 4581
801 717
265 9613
87 8544
391 7325
799 1660
629 9590
122 2235
697 4664
260 8520
444 9019
727 373
217 2793
760 7878
226 7953
239 3700
37 54
644 6220
11 2830
518 2349
621 7396
528 766
184 9111
541 8645
165 6377
613 3713
52 592
625 5537
30 6264
560 1562
185 3774
214 8293
349 3607
674 2334
356 8375
369 9222
79 8635
773 5762
543 5088
228 7179
704 5721
711 4780
202 7356
456 8727
104 405
22 7472
425 4179
318 1120
549 3670
759 3699
68 7639
362 5723
285 7408
795 2539
794 4031
127 6124
432 1816
598 7915
817 3840
478 3257
249 4419
326 4154
783 5518
682 9863
561 9717
681 6364
169 9039
617 5706
397 4597
760 4614
92 5239
425 5688
202 5894
102 749
142 4299
728 2070
251 4959
43 3127
147 1905
665 152
20 6659
330 2263
523 3261
790 8837
378 3737
206 4
230 3413
190 1344
480 3972
274 3107
664 7885
688 6286
304 5403
180 8935
349 8699
299 2053
376 4305
229 1526
612 4803
298 5035
810 3548
392 518
424 6651
481 7410
303 977
458 1787
495 2535
131 7266
22 5861
416 5082
415 428
248 4110
165 4126
301 7689
555 3104
716 7772
680 5871
122 2331
79 8344
222 3296
318 1054
545 9895
316 6007
758 5376
591 3312
206 769
273 7445
507 449
200 9737
541 4798
128 2532
153 6296
54 8528
339 7236
794 380
31 8505
732 1897
164 4918
750 5663
621 5627
258 7113
434 9867
556 404
65 8944
728 8037
188 8647
360 4256
512 8864
537 5905
187 7759
338 887
581 702
520 8372
811 5449
811 9023
33 6656
450 2306
209 4888
465 1579
378 1498
717 4911
71 9747
420 1971
683 3811
4 9986
521 5214
273 8058
418 4030
347 4334
737 9038
617 2661
778 3024
534 7337
816 2121
214 8730
651 5104
810 1161
341 2194
775 8573
167 3793
506 8961
237 6112
296 7172
147 1289
712 9031
418 8855
346 1091
325 2396
562 6913
377 4284
256 7439
336 6656
365 2850
593 2805
381 9390
484 8826
609 4576
67 4485
701 7157
781 4223
439 1696
736 8099
144 8968
86 8723
80 5319
708 7651
801 9500
540 6652
241 1930
201 8299
201 1751
271 9791
232 9694
130 4558
716 5533
90 96
204 7864
729 6323
3 1780
452 8517
463 956
330 2877
11 2080
419 1907
32 6097
531 548
651 8423
339 1375
561 4507
525 6794
575 189
242 5405
340 1487
548 4853
763 7591
663 8051
616 5553
335 8523
283 3339
818 3110
402 152
363 9664
489 5902
262 9594
517 264
154 2537
141 9364
101 5653
435 4005
476 331
535 4434
480 5484
315 4581
199 7644
260 4638
27 2995
261 398
347 8783
33 8988
85 5872
511 2547
802 3499
605 7970
61 4520
138 8427
439 1316
2 3172
490 2064
359 4633
199 8128
774 536
175 476
298 2947
326 3154
600 8754
75 3138
688 2654
642 2273
69 3863
92 3431
558 495
11 8081
329 5117
146 3647
696 9435
251 7735
383 9449
75 6576
521 3879
125 9032
559 5151
149 8639
571 8920
760 938
353 1252
126 6496
136 8787
565 1040
692 1582
794 2762
573 2045
210 8833
622 8465
109 6864
195 987
439 2849
295 435
627 9271
540 8418
262 5446
542 9592
55 7685
450 1207
784 2515
541 2629
171 6975
765 7150
687 7135
82 6880
655 8954
460 9118
362 318
329 9310
82 1899
737 1067
342 4549
397 4515
736 5430
436 8521
105 8617
37 5892
144 3040
20 5743
284 7472
410 6359
305 2160
623 2016
253 4174
434 4145
475 1081
610 6387
238 9383
395 5029
145 4897
30 7307
722 8627
702 5531
732 6397
306 606
539 7172
58 901
749 2097
769 562
458 9553
403 5194
562 5763
200 4042
132 8013
350 175
764 3976
581 8124
434 63
324 7464
217 8516
213 2957
89 1099
531 3275
17 9325
302 2226
346 2631
110 6843
53 4248
396 1328
682 4950
449 9296
649 4282
69 3660
389 3535
5 4333
815 3223
276 7851
545 8758
690 5047
652 7381
221 9682
784 5792
606 6932
87 1529
206 4598
388 5491
252 8328
578 8023
439 6716
436 6386
538 553
691 181
215 9545
594 1124
138 9723
290 2856
119 9633
652 5917
600 7251
554 7652
794 4379
208 434
234 5959
505 9344
374 8683
766 3721
573 6236
340 206
294 757
455 2053
648 7430
584 4710
697 1488
814 2477
68 9450
100 8939
448 1055
75 2117
719 1886
69 2595
537 4345
339 8690
11 166
85 5571
62 2289
185 6362
704 6488
357 8591
337 4238
704 2496
770 6120
256 4525
93 8851
576 4187
96 2220
626 8898
139 5302
115 2815
744 1352
550 3635
776 6124
450 1841
136 4130
64 4084
274 58
337 6567
653 2030
716 7483
552 9126
742 420
743 7009
272 428
188 2131
766 7823
169 849
399 1806
538 3783
767 3244
795 9074
410 5284
129 9783
181 8593
449 4218
200 515
47 120
303 8481
490 2589
370 5410
506 30
26 2771
591 7313
784 6516
110 8928
732 3131
821 6234
670 1503
82 4386
175 7550
187 46
725 4567
811 441
443 3249
234 5537
236 5315
362 8634
259 1641
290 2793
775 8918
251 2025
364 7948
578 7466
768 1701
74 6749
765 6766
812 3705
205 935
774 8201
351 5540
330 9692
589 2351
331 9332
216 1891
687 9975
323 8258
289 4769
280 433
261 8368
210 7415
755 4039
629 209
497 7979
228 9937
317 6073
476 9802
580 830
124 2294
444 5821
777 80
423 8589
495 3178
86 4377
570 4281
432 3294
585 8468
590 6416
544 8984
637 2725
817 1495
588 4120
270 740
37 9304
228 5384
102 8678
789 3857
268 4891
651 7454
105 6095
398 3236
494 1267
56 5036
201 7720
47 9042
245 6566
260 1288
776 2230
123 4609
260 600
808 7894
283 5550
603 3748
101 4335
642 6636
309 9573
154 6626
190 9039
592 3007
478 9392
223 4655
302 9214
714 8276
400 9236
275 7393
183 6016
331 1343
554 9862
176 6971
550 8427
6 7366
68 8314
690 8804
344 8419
636 8414
490 1495
96 1984
793 6749
352 7451
679 401
739 8580
269 447
407 1139
256 5804
134 2117
662 718
318 4763
418 9103
71 5689
105 6830
142 7192
490 3325
375 2756
538 1044
489 1982
503 4589
462 1851
117 3942
749 5747
130 7778
775 3987
371 2088
523 8027
588 8290
35 2657
490 1744
598 4125
804 6659
264 1563
577 9954
452 780
604 3176
153 5828
383 8067
264 5661
803 3687
461 7795
93 873
313 7751
587 3973
226 605
94 8185
110 525
820 487
685 3925
689 1031
699 1669
530 3890
455 1825
312 7128
681 3843
173 6091
208 3527
445 2802
371 382
158 3975
187 2155
777 6073
602 4729
197 683
314 4722
616 4995
396 3177
181 1292
356 9426
820 548
281 325
109 15
413 4430
803 3906
152 7216
455 9321
240 1309
516 3345
277 4831
800 1838
790 403
18 8711
332 1993
49 9333
67 6181
467 2264
187 4321
17 2130
802 5449
718 9561
135 4333
375 8473
795 9970
388 4704
106 1826
547 1169
28 8967
247 7266
108 7108
250 6077
813 140
608 7634
702 6873
22 1092
467 1270
491 3960
379 5461
93 1577
33 251
781 8326
810 1071
343 4338
707 8030
765 628
222 6938
821 3637
307 9494
531 7220
762 6284
597 5
685 8471
173 8557
715 8569
358 8952
811 9702
233 6436
583 9927
398 1091
197 3273
701 7693
631 3531
282 3371
16 1108
269 5117
488 8250
393 5894
448 5659
484 6586
748 2056
310 2551
167 7605
131 8425
57 5659
192 4612
317 5623
589 734
36 5432
272 3985
674 9556
522 5374
263 4339
193 7509
90 275
70 7535
420 9267
130 4660
435 1224
31 9221
627 7466
773 6963
572 8552
806 837
699 9808
503 9639
67 3576
724 7413
65 2056
496 260
548 829
286 1850
627 5528
644 3345
675 3373
376 9064
777 2421
548 8946
385 6956
178 9332
54 899
69 4331
458 1647
697 6980
493 4072
40 1667
271 5275
387 509
153 5321
754 3933
15 902
352 7363
581 8378
810 576
236 8563
567 2891
235 8306
395 7775
103 5929
39 3386
93 4963
308 4064
